(kicad_pcb (version 20171130) (host pcbnew 5.0.2-bee76a0~70~ubuntu16.04.1)

  (general
    (thickness 1.6)
    (drawings 30)
    (tracks 540)
    (zones 0)
    (modules 65)
    (nets 12)
  )

  (page User 210.007 148.006)
  (layers
    (0 F.Cu signal)
    (31 B.Cu signal)
    (32 B.Adhes user)
    (33 F.Adhes user)
    (34 B.Paste user)
    (35 F.Paste user)
    (36 B.SilkS user)
    (37 F.SilkS user)
    (38 B.Mask user)
    (39 F.Mask user)
    (40 Dwgs.User user)
    (41 Cmts.User user)
    (42 Eco1.User user)
    (43 Eco2.User user)
    (44 Edge.Cuts user)
    (45 Margin user)
    (46 B.CrtYd user)
    (47 F.CrtYd user)
    (48 B.Fab user)
    (49 F.Fab user)
  )

  (setup
    (last_trace_width 0.5)
    (user_trace_width 0.25)
    (user_trace_width 0.5)
    (trace_clearance 0.3)
    (zone_clearance 0.508)
    (zone_45_only no)
    (trace_min 0.2)
    (segment_width 0.2)
    (edge_width 0.15)
    (via_size 0.8)
    (via_drill 0.4)
    (via_min_size 0.4)
    (via_min_drill 0.3)
    (uvia_size 0.3)
    (uvia_drill 0.1)
    (uvias_allowed no)
    (uvia_min_size 0.2)
    (uvia_min_drill 0.1)
    (pcb_text_width 0.3)
    (pcb_text_size 1.5 1.5)
    (mod_edge_width 0.15)
    (mod_text_size 1 1)
    (mod_text_width 0.15)
    (pad_size 1.524 1.524)
    (pad_drill 0.762)
    (pad_to_mask_clearance 0.051)
    (solder_mask_min_width 0.25)
    (aux_axis_origin 0 0)
    (visible_elements FFFFFF7F)
    (pcbplotparams
      (layerselection 0x010fc_ffffffff)
      (usegerberextensions false)
      (usegerberattributes false)
      (usegerberadvancedattributes false)
      (creategerberjobfile false)
      (excludeedgelayer true)
      (linewidth 0.100000)
      (plotframeref false)
      (viasonmask false)
      (mode 1)
      (useauxorigin false)
      (hpglpennumber 1)
      (hpglpenspeed 20)
      (hpglpendiameter 15.000000)
      (psnegative false)
      (psa4output false)
      (plotreference true)
      (plotvalue true)
      (plotinvisibletext false)
      (padsonsilk false)
      (subtractmaskfromsilk false)
      (outputformat 1)
      (mirror false)
      (drillshape 1)
      (scaleselection 1)
      (outputdirectory ""))
  )

  (net 0 "")
  (net 1 GND)
  (net 2 VCC)
  (net 3 +5V)
  (net 4 "Net-(C3-Pad1)")
  (net 5 /PWM1)
  (net 6 /SWIM_PWM2)
  (net 7 /BTN)
  (net 8 /PWM3)
  (net 9 /485_Rx)
  (net 10 /A)
  (net 11 /B)

  (net_class Default "This is the default net class."
    (clearance 0.3)
    (trace_width 0.5)
    (via_dia 0.8)
    (via_drill 0.4)
    (uvia_dia 0.3)
    (uvia_drill 0.1)
    (add_net +5V)
    (add_net /485_Rx)
    (add_net /A)
    (add_net /B)
    (add_net /BTN)
    (add_net /PWM1)
    (add_net /PWM3)
    (add_net /SWIM_PWM2)
    (add_net GND)
    (add_net "Net-(C3-Pad1)")
    (add_net VCC)
  )

  (module KiCad/kicad-footprints/TerminalBlock_Phoenix.pretty:TerminalBlock_Phoenix_PT-1,5-2-3.5-H_1x02_P3.50mm_Horizontal (layer F.Cu) (tedit 5B294F3F) (tstamp 5FB4F802)
    (at 33.909 116.513 90)
    (descr "Terminal Block Phoenix PT-1,5-2-3.5-H, 2 pins, pitch 3.5mm, size 7x7.6mm^2, drill diamater 1.2mm, pad diameter 2.4mm, see , script-generated using https://github.com/pointhi/kicad-footprint-generator/scripts/TerminalBlock_Phoenix")
    (tags "THT Terminal Block Phoenix PT-1,5-2-3.5-H pitch 3.5mm size 7x7.6mm^2 drill 1.2mm pad 2.4mm")
    (path /5FB47751)
    (fp_text reference J3 (at -2.737 0.591 180) (layer F.SilkS)
      (effects (font (size 1 1) (thickness 0.15)))
    )
    (fp_text value In1 (at 1.75 5.56 90) (layer F.Fab)
      (effects (font (size 1 1) (thickness 0.15)))
    )
    (fp_text user %R (at 1.75 2.4 90) (layer F.Fab)
      (effects (font (size 1 1) (thickness 0.15)))
    )
    (fp_line (start 5.75 -3.6) (end -2.25 -3.6) (layer F.CrtYd) (width 0.05))
    (fp_line (start 5.75 5) (end 5.75 -3.6) (layer F.CrtYd) (width 0.05))
    (fp_line (start -2.25 5) (end 5.75 5) (layer F.CrtYd) (width 0.05))
    (fp_line (start -2.25 -3.6) (end -2.25 5) (layer F.CrtYd) (width 0.05))
    (fp_line (start -2.05 4.8) (end -1.65 4.8) (layer F.SilkS) (width 0.12))
    (fp_line (start -2.05 4.16) (end -2.05 4.8) (layer F.SilkS) (width 0.12))
    (fp_line (start 2.355 0.941) (end 2.226 1.069) (layer F.SilkS) (width 0.12))
    (fp_line (start 4.57 -1.275) (end 4.476 -1.181) (layer F.SilkS) (width 0.12))
    (fp_line (start 2.525 1.181) (end 2.431 1.274) (layer F.SilkS) (width 0.12))
    (fp_line (start 4.775 -1.069) (end 4.646 -0.941) (layer F.SilkS) (width 0.12))
    (fp_line (start 4.455 -1.138) (end 2.363 0.955) (layer F.Fab) (width 0.1))
    (fp_line (start 4.638 -0.955) (end 2.546 1.138) (layer F.Fab) (width 0.1))
    (fp_line (start 0.955 -1.138) (end -1.138 0.955) (layer F.Fab) (width 0.1))
    (fp_line (start 1.138 -0.955) (end -0.955 1.138) (layer F.Fab) (width 0.1))
    (fp_line (start 5.31 -3.16) (end 5.31 4.56) (layer F.SilkS) (width 0.12))
    (fp_line (start -1.81 -3.16) (end -1.81 4.56) (layer F.SilkS) (width 0.12))
    (fp_line (start -1.81 4.56) (end 5.31 4.56) (layer F.SilkS) (width 0.12))
    (fp_line (start -1.81 -3.16) (end 5.31 -3.16) (layer F.SilkS) (width 0.12))
    (fp_line (start -1.81 3) (end 5.31 3) (layer F.SilkS) (width 0.12))
    (fp_line (start -1.75 3) (end 5.25 3) (layer F.Fab) (width 0.1))
    (fp_line (start -1.81 4.1) (end 5.31 4.1) (layer F.SilkS) (width 0.12))
    (fp_line (start -1.75 4.1) (end 5.25 4.1) (layer F.Fab) (width 0.1))
    (fp_line (start -1.75 4.1) (end -1.75 -3.1) (layer F.Fab) (width 0.1))
    (fp_line (start -1.35 4.5) (end -1.75 4.1) (layer F.Fab) (width 0.1))
    (fp_line (start 5.25 4.5) (end -1.35 4.5) (layer F.Fab) (width 0.1))
    (fp_line (start 5.25 -3.1) (end 5.25 4.5) (layer F.Fab) (width 0.1))
    (fp_line (start -1.75 -3.1) (end 5.25 -3.1) (layer F.Fab) (width 0.1))
    (fp_circle (center 3.5 0) (end 5.18 0) (layer F.SilkS) (width 0.12))
    (fp_circle (center 3.5 0) (end 5 0) (layer F.Fab) (width 0.1))
    (fp_circle (center 0 0) (end 1.5 0) (layer F.Fab) (width 0.1))
    (fp_arc (start 0 0) (end -0.866 1.44) (angle -32) (layer F.SilkS) (width 0.12))
    (fp_arc (start 0 0) (end -1.44 -0.866) (angle -63) (layer F.SilkS) (width 0.12))
    (fp_arc (start 0 0) (end 0.866 -1.44) (angle -63) (layer F.SilkS) (width 0.12))
    (fp_arc (start 0 0) (end 1.425 0.891) (angle -64) (layer F.SilkS) (width 0.12))
    (fp_arc (start 0 0) (end 0 1.68) (angle -32) (layer F.SilkS) (width 0.12))
    (pad 2 thru_hole circle (at 3.5 0 90) (size 2.4 2.4) (drill 1.2) (layers *.Cu *.Mask)
      (net 11 /B))
    (pad 1 thru_hole rect (at 0 0 90) (size 2.4 2.4) (drill 1.2) (layers *.Cu *.Mask)
      (net 2 VCC))
    (model ${KISYS3DMOD}/TerminalBlock_Phoenix.3dshapes/TerminalBlock_Phoenix_PT-1,5-2-3.5-H_1x02_P3.50mm_Horizontal.wrl
      (at (xyz 0 0 0))
      (scale (xyz 1 1 1))
      (rotate (xyz 0 0 0))
    )
  )

  (module KiCad/kicad-footprints/Resistor_SMD.pretty:R_0805_2012Metric (layer F.Cu) (tedit 5B36C52B) (tstamp 5FB4F7D9)
    (at 50.927 111.306 270)
    (descr "Resistor SMD 0805 (2012 Metric), square (rectangular) end terminal, IPC_7351 nominal, (Body size source: https://docs.google.com/spreadsheets/d/1BsfQQcO9C6DZCsRaXUlFlo91Tg2WpOkGARC1WS5S8t0/edit?usp=sharing), generated with kicad-footprint-generator")
    (tags resistor)
    (path /5FB3C852)
    (attr smd)
    (fp_text reference R1 (at 0 1.927 270) (layer F.SilkS)
      (effects (font (size 1 1) (thickness 0.15)))
    )
    (fp_text value 10K (at 0 1.65 270) (layer F.Fab)
      (effects (font (size 1 1) (thickness 0.15)))
    )
    (fp_text user %R (at 0 0 270) (layer F.Fab)
      (effects (font (size 0.5 0.5) (thickness 0.08)))
    )
    (fp_line (start 1.68 0.95) (end -1.68 0.95) (layer F.CrtYd) (width 0.05))
    (fp_line (start 1.68 -0.95) (end 1.68 0.95) (layer F.CrtYd) (width 0.05))
    (fp_line (start -1.68 -0.95) (end 1.68 -0.95) (layer F.CrtYd) (width 0.05))
    (fp_line (start -1.68 0.95) (end -1.68 -0.95) (layer F.CrtYd) (width 0.05))
    (fp_line (start -0.258578 0.71) (end 0.258578 0.71) (layer F.SilkS) (width 0.12))
    (fp_line (start -0.258578 -0.71) (end 0.258578 -0.71) (layer F.SilkS) (width 0.12))
    (fp_line (start 1 0.6) (end -1 0.6) (layer F.Fab) (width 0.1))
    (fp_line (start 1 -0.6) (end 1 0.6) (layer F.Fab) (width 0.1))
    (fp_line (start -1 -0.6) (end 1 -0.6) (layer F.Fab) (width 0.1))
    (fp_line (start -1 0.6) (end -1 -0.6) (layer F.Fab) (width 0.1))
    (pad 2 smd roundrect (at 0.9375 0 270) (size 0.975 1.4) (layers F.Cu F.Paste F.Mask) (roundrect_rratio 0.25)
      (net 7 /BTN))
    (pad 1 smd roundrect (at -0.9375 0 270) (size 0.975 1.4) (layers F.Cu F.Paste F.Mask) (roundrect_rratio 0.25)
      (net 3 +5V))
    (model ${KISYS3DMOD}/Resistor_SMD.3dshapes/R_0805_2012Metric.wrl
      (at (xyz 0 0 0))
      (scale (xyz 1 1 1))
      (rotate (xyz 0 0 0))
    )
  )

  (module KiCad/kicad-footprints/TerminalBlock_Phoenix.pretty:TerminalBlock_Phoenix_PT-1,5-2-3.5-H_1x02_P3.50mm_Horizontal (layer F.Cu) (tedit 5B294F3F) (tstamp 5FB4F7AA)
    (at 66.167 112.965 270)
    (descr "Terminal Block Phoenix PT-1,5-2-3.5-H, 2 pins, pitch 3.5mm, size 7x7.6mm^2, drill diamater 1.2mm, pad diameter 2.4mm, see , script-generated using https://github.com/pointhi/kicad-footprint-generator/scripts/TerminalBlock_Phoenix")
    (tags "THT Terminal Block Phoenix PT-1,5-2-3.5-H pitch 3.5mm size 7x7.6mm^2 drill 1.2mm pad 2.4mm")
    (path /5FB48374)
    (fp_text reference J2 (at 6.285 0.167) (layer F.SilkS)
      (effects (font (size 1 1) (thickness 0.15)))
    )
    (fp_text value PWM2 (at 1.75 5.56 270) (layer F.Fab)
      (effects (font (size 1 1) (thickness 0.15)))
    )
    (fp_arc (start 0 0) (end 0 1.68) (angle -32) (layer F.SilkS) (width 0.12))
    (fp_arc (start 0 0) (end 1.425 0.891) (angle -64) (layer F.SilkS) (width 0.12))
    (fp_arc (start 0 0) (end 0.866 -1.44) (angle -63) (layer F.SilkS) (width 0.12))
    (fp_arc (start 0 0) (end -1.44 -0.866) (angle -63) (layer F.SilkS) (width 0.12))
    (fp_arc (start 0 0) (end -0.866 1.44) (angle -32) (layer F.SilkS) (width 0.12))
    (fp_circle (center 0 0) (end 1.5 0) (layer F.Fab) (width 0.1))
    (fp_circle (center 3.5 0) (end 5 0) (layer F.Fab) (width 0.1))
    (fp_circle (center 3.5 0) (end 5.18 0) (layer F.SilkS) (width 0.12))
    (fp_line (start -1.75 -3.1) (end 5.25 -3.1) (layer F.Fab) (width 0.1))
    (fp_line (start 5.25 -3.1) (end 5.25 4.5) (layer F.Fab) (width 0.1))
    (fp_line (start 5.25 4.5) (end -1.35 4.5) (layer F.Fab) (width 0.1))
    (fp_line (start -1.35 4.5) (end -1.75 4.1) (layer F.Fab) (width 0.1))
    (fp_line (start -1.75 4.1) (end -1.75 -3.1) (layer F.Fab) (width 0.1))
    (fp_line (start -1.75 4.1) (end 5.25 4.1) (layer F.Fab) (width 0.1))
    (fp_line (start -1.81 4.1) (end 5.31 4.1) (layer F.SilkS) (width 0.12))
    (fp_line (start -1.75 3) (end 5.25 3) (layer F.Fab) (width 0.1))
    (fp_line (start -1.81 3) (end 5.31 3) (layer F.SilkS) (width 0.12))
    (fp_line (start -1.81 -3.16) (end 5.31 -3.16) (layer F.SilkS) (width 0.12))
    (fp_line (start -1.81 4.56) (end 5.31 4.56) (layer F.SilkS) (width 0.12))
    (fp_line (start -1.81 -3.16) (end -1.81 4.56) (layer F.SilkS) (width 0.12))
    (fp_line (start 5.31 -3.16) (end 5.31 4.56) (layer F.SilkS) (width 0.12))
    (fp_line (start 1.138 -0.955) (end -0.955 1.138) (layer F.Fab) (width 0.1))
    (fp_line (start 0.955 -1.138) (end -1.138 0.955) (layer F.Fab) (width 0.1))
    (fp_line (start 4.638 -0.955) (end 2.546 1.138) (layer F.Fab) (width 0.1))
    (fp_line (start 4.455 -1.138) (end 2.363 0.955) (layer F.Fab) (width 0.1))
    (fp_line (start 4.775 -1.069) (end 4.646 -0.941) (layer F.SilkS) (width 0.12))
    (fp_line (start 2.525 1.181) (end 2.431 1.274) (layer F.SilkS) (width 0.12))
    (fp_line (start 4.57 -1.275) (end 4.476 -1.181) (layer F.SilkS) (width 0.12))
    (fp_line (start 2.355 0.941) (end 2.226 1.069) (layer F.SilkS) (width 0.12))
    (fp_line (start -2.05 4.16) (end -2.05 4.8) (layer F.SilkS) (width 0.12))
    (fp_line (start -2.05 4.8) (end -1.65 4.8) (layer F.SilkS) (width 0.12))
    (fp_line (start -2.25 -3.6) (end -2.25 5) (layer F.CrtYd) (width 0.05))
    (fp_line (start -2.25 5) (end 5.75 5) (layer F.CrtYd) (width 0.05))
    (fp_line (start 5.75 5) (end 5.75 -3.6) (layer F.CrtYd) (width 0.05))
    (fp_line (start 5.75 -3.6) (end -2.25 -3.6) (layer F.CrtYd) (width 0.05))
    (fp_text user %R (at 1.75 2.4 270) (layer F.Fab)
      (effects (font (size 1 1) (thickness 0.15)))
    )
    (pad 1 thru_hole rect (at 0 0 270) (size 2.4 2.4) (drill 1.2) (layers *.Cu *.Mask)
      (net 8 /PWM3))
    (pad 2 thru_hole circle (at 3.5 0 270) (size 2.4 2.4) (drill 1.2) (layers *.Cu *.Mask)
      (net 1 GND))
    (model ${KISYS3DMOD}/TerminalBlock_Phoenix.3dshapes/TerminalBlock_Phoenix_PT-1,5-2-3.5-H_1x02_P3.50mm_Horizontal.wrl
      (at (xyz 0 0 0))
      (scale (xyz 1 1 1))
      (rotate (xyz 0 0 0))
    )
  )

  (module KiCad/kicad-footprints/Package_SO.pretty:SOIC-8_3.9x4.9mm_P1.27mm (layer F.Cu) (tedit 5A02F2D3) (tstamp 5FB4F786)
    (at 43.688 106.48 180)
    (descr "8-Lead Plastic Small Outline (SN) - Narrow, 3.90 mm Body [SOIC] (see Microchip Packaging Specification http://ww1.microchip.com/downloads/en/PackagingSpec/00000049BQ.pdf)")
    (tags "SOIC 1.27")
    (path /5FB3C76C)
    (attr smd)
    (fp_text reference U3 (at -1.062 3.48 180) (layer F.SilkS)
      (effects (font (size 1 1) (thickness 0.15)))
    )
    (fp_text value SP3485EN (at 0 3.5 180) (layer F.Fab)
      (effects (font (size 1 1) (thickness 0.15)))
    )
    (fp_line (start -2.075 -2.525) (end -3.475 -2.525) (layer F.SilkS) (width 0.15))
    (fp_line (start -2.075 2.575) (end 2.075 2.575) (layer F.SilkS) (width 0.15))
    (fp_line (start -2.075 -2.575) (end 2.075 -2.575) (layer F.SilkS) (width 0.15))
    (fp_line (start -2.075 2.575) (end -2.075 2.43) (layer F.SilkS) (width 0.15))
    (fp_line (start 2.075 2.575) (end 2.075 2.43) (layer F.SilkS) (width 0.15))
    (fp_line (start 2.075 -2.575) (end 2.075 -2.43) (layer F.SilkS) (width 0.15))
    (fp_line (start -2.075 -2.575) (end -2.075 -2.525) (layer F.SilkS) (width 0.15))
    (fp_line (start -3.73 2.7) (end 3.73 2.7) (layer F.CrtYd) (width 0.05))
    (fp_line (start -3.73 -2.7) (end 3.73 -2.7) (layer F.CrtYd) (width 0.05))
    (fp_line (start 3.73 -2.7) (end 3.73 2.7) (layer F.CrtYd) (width 0.05))
    (fp_line (start -3.73 -2.7) (end -3.73 2.7) (layer F.CrtYd) (width 0.05))
    (fp_line (start -1.95 -1.45) (end -0.95 -2.45) (layer F.Fab) (width 0.1))
    (fp_line (start -1.95 2.45) (end -1.95 -1.45) (layer F.Fab) (width 0.1))
    (fp_line (start 1.95 2.45) (end -1.95 2.45) (layer F.Fab) (width 0.1))
    (fp_line (start 1.95 -2.45) (end 1.95 2.45) (layer F.Fab) (width 0.1))
    (fp_line (start -0.95 -2.45) (end 1.95 -2.45) (layer F.Fab) (width 0.1))
    (fp_text user %R (at 0 0 180) (layer F.Fab)
      (effects (font (size 1 1) (thickness 0.15)))
    )
    (pad 8 smd rect (at 2.7 -1.905 180) (size 1.55 0.6) (layers F.Cu F.Paste F.Mask)
      (net 3 +5V))
    (pad 7 smd rect (at 2.7 -0.635 180) (size 1.55 0.6) (layers F.Cu F.Paste F.Mask)
      (net 11 /B))
    (pad 6 smd rect (at 2.7 0.635 180) (size 1.55 0.6) (layers F.Cu F.Paste F.Mask)
      (net 10 /A))
    (pad 5 smd rect (at 2.7 1.905 180) (size 1.55 0.6) (layers F.Cu F.Paste F.Mask)
      (net 1 GND))
    (pad 4 smd rect (at -2.7 1.905 180) (size 1.55 0.6) (layers F.Cu F.Paste F.Mask))
    (pad 3 smd rect (at -2.7 0.635 180) (size 1.55 0.6) (layers F.Cu F.Paste F.Mask)
      (net 1 GND))
    (pad 2 smd rect (at -2.7 -0.635 180) (size 1.55 0.6) (layers F.Cu F.Paste F.Mask)
      (net 1 GND))
    (pad 1 smd rect (at -2.7 -1.905 180) (size 1.55 0.6) (layers F.Cu F.Paste F.Mask)
      (net 9 /485_Rx))
    (model ${KISYS3DMOD}/Package_SO.3dshapes/SOIC-8_3.9x4.9mm_P1.27mm.wrl
      (at (xyz 0 0 0))
      (scale (xyz 1 1 1))
      (rotate (xyz 0 0 0))
    )
  )

  (module KiCad/kicad-footprints/Package_SO.pretty:SOIC-8_3.9x4.9mm_P1.27mm (layer F.Cu) (tedit 5A02F2D3) (tstamp 5FB4F759)
    (at 54.483 106.48)
    (descr "8-Lead Plastic Small Outline (SN) - Narrow, 3.90 mm Body [SOIC] (see Microchip Packaging Specification http://ww1.microchip.com/downloads/en/PackagingSpec/00000049BQ.pdf)")
    (tags "SOIC 1.27")
    (path /5FB3C773)
    (attr smd)
    (fp_text reference U2 (at 0 -3.5) (layer F.SilkS)
      (effects (font (size 1 1) (thickness 0.15)))
    )
    (fp_text value STM8S001J3M (at 0 3.5) (layer F.Fab)
      (effects (font (size 1 1) (thickness 0.15)))
    )
    (fp_text user %R (at 0 0) (layer F.Fab)
      (effects (font (size 1 1) (thickness 0.15)))
    )
    (fp_line (start -0.95 -2.45) (end 1.95 -2.45) (layer F.Fab) (width 0.1))
    (fp_line (start 1.95 -2.45) (end 1.95 2.45) (layer F.Fab) (width 0.1))
    (fp_line (start 1.95 2.45) (end -1.95 2.45) (layer F.Fab) (width 0.1))
    (fp_line (start -1.95 2.45) (end -1.95 -1.45) (layer F.Fab) (width 0.1))
    (fp_line (start -1.95 -1.45) (end -0.95 -2.45) (layer F.Fab) (width 0.1))
    (fp_line (start -3.73 -2.7) (end -3.73 2.7) (layer F.CrtYd) (width 0.05))
    (fp_line (start 3.73 -2.7) (end 3.73 2.7) (layer F.CrtYd) (width 0.05))
    (fp_line (start -3.73 -2.7) (end 3.73 -2.7) (layer F.CrtYd) (width 0.05))
    (fp_line (start -3.73 2.7) (end 3.73 2.7) (layer F.CrtYd) (width 0.05))
    (fp_line (start -2.075 -2.575) (end -2.075 -2.525) (layer F.SilkS) (width 0.15))
    (fp_line (start 2.075 -2.575) (end 2.075 -2.43) (layer F.SilkS) (width 0.15))
    (fp_line (start 2.075 2.575) (end 2.075 2.43) (layer F.SilkS) (width 0.15))
    (fp_line (start -2.075 2.575) (end -2.075 2.43) (layer F.SilkS) (width 0.15))
    (fp_line (start -2.075 -2.575) (end 2.075 -2.575) (layer F.SilkS) (width 0.15))
    (fp_line (start -2.075 2.575) (end 2.075 2.575) (layer F.SilkS) (width 0.15))
    (fp_line (start -2.075 -2.525) (end -3.475 -2.525) (layer F.SilkS) (width 0.15))
    (pad 1 smd rect (at -2.7 -1.905) (size 1.55 0.6) (layers F.Cu F.Paste F.Mask)
      (net 9 /485_Rx))
    (pad 2 smd rect (at -2.7 -0.635) (size 1.55 0.6) (layers F.Cu F.Paste F.Mask)
      (net 1 GND))
    (pad 3 smd rect (at -2.7 0.635) (size 1.55 0.6) (layers F.Cu F.Paste F.Mask)
      (net 4 "Net-(C3-Pad1)"))
    (pad 4 smd rect (at -2.7 1.905) (size 1.55 0.6) (layers F.Cu F.Paste F.Mask)
      (net 3 +5V))
    (pad 5 smd rect (at 2.7 1.905) (size 1.55 0.6) (layers F.Cu F.Paste F.Mask)
      (net 8 /PWM3))
    (pad 6 smd rect (at 2.7 0.635) (size 1.55 0.6) (layers F.Cu F.Paste F.Mask)
      (net 7 /BTN))
    (pad 7 smd rect (at 2.7 -0.635) (size 1.55 0.6) (layers F.Cu F.Paste F.Mask)
      (net 5 /PWM1))
    (pad 8 smd rect (at 2.7 -1.905) (size 1.55 0.6) (layers F.Cu F.Paste F.Mask)
      (net 6 /SWIM_PWM2))
    (model ${KISYS3DMOD}/Package_SO.3dshapes/SOIC-8_3.9x4.9mm_P1.27mm.wrl
      (at (xyz 0 0 0))
      (scale (xyz 1 1 1))
      (rotate (xyz 0 0 0))
    )
  )

  (module KiCad/kicad-footprints/Connector_PinHeader_2.54mm.pretty:PinHeader_1x03_P2.54mm_Vertical (layer F.Cu) (tedit 59FED5CC) (tstamp 5FB4F73F)
    (at 58.293 111.306)
    (descr "Through hole straight pin header, 1x03, 2.54mm pitch, single row")
    (tags "Through hole pin header THT 1x03 2.54mm single row")
    (path /5FB4B627)
    (fp_text reference J5 (at -0.043 7.444) (layer F.SilkS)
      (effects (font (size 1 1) (thickness 0.15)))
    )
    (fp_text value SWIM (at 0 7.41) (layer F.Fab)
      (effects (font (size 1 1) (thickness 0.15)))
    )
    (fp_text user %R (at 0 2.54 90) (layer F.Fab)
      (effects (font (size 1 1) (thickness 0.15)))
    )
    (fp_line (start 1.8 -1.8) (end -1.8 -1.8) (layer F.CrtYd) (width 0.05))
    (fp_line (start 1.8 6.85) (end 1.8 -1.8) (layer F.CrtYd) (width 0.05))
    (fp_line (start -1.8 6.85) (end 1.8 6.85) (layer F.CrtYd) (width 0.05))
    (fp_line (start -1.8 -1.8) (end -1.8 6.85) (layer F.CrtYd) (width 0.05))
    (fp_line (start -1.33 -1.33) (end 0 -1.33) (layer F.SilkS) (width 0.12))
    (fp_line (start -1.33 0) (end -1.33 -1.33) (layer F.SilkS) (width 0.12))
    (fp_line (start -1.33 1.27) (end 1.33 1.27) (layer F.SilkS) (width 0.12))
    (fp_line (start 1.33 1.27) (end 1.33 6.41) (layer F.SilkS) (width 0.12))
    (fp_line (start -1.33 1.27) (end -1.33 6.41) (layer F.SilkS) (width 0.12))
    (fp_line (start -1.33 6.41) (end 1.33 6.41) (layer F.SilkS) (width 0.12))
    (fp_line (start -1.27 -0.635) (end -0.635 -1.27) (layer F.Fab) (width 0.1))
    (fp_line (start -1.27 6.35) (end -1.27 -0.635) (layer F.Fab) (width 0.1))
    (fp_line (start 1.27 6.35) (end -1.27 6.35) (layer F.Fab) (width 0.1))
    (fp_line (start 1.27 -1.27) (end 1.27 6.35) (layer F.Fab) (width 0.1))
    (fp_line (start -0.635 -1.27) (end 1.27 -1.27) (layer F.Fab) (width 0.1))
    (pad 3 thru_hole oval (at 0 5.08) (size 1.7 1.7) (drill 1) (layers *.Cu *.Mask)
      (net 1 GND))
    (pad 2 thru_hole oval (at 0 2.54) (size 1.7 1.7) (drill 1) (layers *.Cu *.Mask)
      (net 6 /SWIM_PWM2))
    (pad 1 thru_hole rect (at 0 0) (size 1.7 1.7) (drill 1) (layers *.Cu *.Mask)
      (net 3 +5V))
    (model ${KISYS3DMOD}/Connector_PinHeader_2.54mm.3dshapes/PinHeader_1x03_P2.54mm_Vertical.wrl
      (at (xyz 0 0 0))
      (scale (xyz 1 1 1))
      (rotate (xyz 0 0 0))
    )
  )

  (module KiCad/kicad-footprints/Button_Switch_SMD.pretty:SW_SPST_CK_RS282G05A3 (layer F.Cu) (tedit 5A7A67D2) (tstamp 5FB4F70C)
    (at 54.229 114.227 270)
    (descr https://www.mouser.com/ds/2/60/RS-282G05A-SM_RT-1159762.pdf)
    (tags "SPST button tactile switch")
    (path /5FB3C84B)
    (attr smd)
    (fp_text reference SW1 (at 3.023 3.229 270) (layer F.SilkS)
      (effects (font (size 1 1) (thickness 0.15)))
    )
    (fp_text value Sw (at 0 3 270) (layer F.Fab)
      (effects (font (size 1 1) (thickness 0.15)))
    )
    (fp_line (start 3 -1.8) (end 3 1.8) (layer F.Fab) (width 0.1))
    (fp_line (start -3 -1.8) (end -3 1.8) (layer F.Fab) (width 0.1))
    (fp_line (start -3 -1.8) (end 3 -1.8) (layer F.Fab) (width 0.1))
    (fp_line (start -3 1.8) (end 3 1.8) (layer F.Fab) (width 0.1))
    (fp_line (start -1.5 -0.8) (end -1.5 0.8) (layer F.Fab) (width 0.1))
    (fp_line (start 1.5 -0.8) (end 1.5 0.8) (layer F.Fab) (width 0.1))
    (fp_line (start -1.5 -0.8) (end 1.5 -0.8) (layer F.Fab) (width 0.1))
    (fp_line (start -1.5 0.8) (end 1.5 0.8) (layer F.Fab) (width 0.1))
    (fp_line (start -3.06 1.85) (end -3.06 -1.85) (layer F.SilkS) (width 0.12))
    (fp_line (start 3.06 1.85) (end -3.06 1.85) (layer F.SilkS) (width 0.12))
    (fp_line (start 3.06 -1.85) (end 3.06 1.85) (layer F.SilkS) (width 0.12))
    (fp_line (start -3.06 -1.85) (end 3.06 -1.85) (layer F.SilkS) (width 0.12))
    (fp_line (start -1.75 1) (end -1.75 -1) (layer F.Fab) (width 0.1))
    (fp_line (start 1.75 1) (end -1.75 1) (layer F.Fab) (width 0.1))
    (fp_line (start 1.75 -1) (end 1.75 1) (layer F.Fab) (width 0.1))
    (fp_line (start -1.75 -1) (end 1.75 -1) (layer F.Fab) (width 0.1))
    (fp_text user %R (at 0 -2.6 270) (layer F.Fab)
      (effects (font (size 1 1) (thickness 0.15)))
    )
    (fp_line (start -4.9 -2.05) (end 4.9 -2.05) (layer F.CrtYd) (width 0.05))
    (fp_line (start 4.9 -2.05) (end 4.9 2.05) (layer F.CrtYd) (width 0.05))
    (fp_line (start 4.9 2.05) (end -4.9 2.05) (layer F.CrtYd) (width 0.05))
    (fp_line (start -4.9 2.05) (end -4.9 -2.05) (layer F.CrtYd) (width 0.05))
    (pad 2 smd rect (at 3.9 0 270) (size 1.5 1.5) (layers F.Cu F.Paste F.Mask)
      (net 1 GND))
    (pad 1 smd rect (at -3.9 0 270) (size 1.5 1.5) (layers F.Cu F.Paste F.Mask)
      (net 7 /BTN))
    (model ${KISYS3DMOD}/Button_Switch_SMD.3dshapes/SW_SPST_CK_RS282G05A3.wrl
      (at (xyz 0 0 0))
      (scale (xyz 1 1 1))
      (rotate (xyz 0 0 0))
    )
  )

  (module KiCad/kicad-footprints/TerminalBlock_Phoenix.pretty:TerminalBlock_Phoenix_PT-1,5-2-3.5-H_1x02_P3.50mm_Horizontal (layer F.Cu) (tedit 5B294F3F) (tstamp 5FB4F6E3)
    (at 66.167 104.837 270)
    (descr "Terminal Block Phoenix PT-1,5-2-3.5-H, 2 pins, pitch 3.5mm, size 7x7.6mm^2, drill diamater 1.2mm, pad diameter 2.4mm, see , script-generated using https://github.com/pointhi/kicad-footprint-generator/scripts/TerminalBlock_Phoenix")
    (tags "THT Terminal Block Phoenix PT-1,5-2-3.5-H pitch 3.5mm size 7x7.6mm^2 drill 1.2mm pad 2.4mm")
    (path /5FB482CA)
    (fp_text reference J1 (at -1.587 5.917 270) (layer F.SilkS)
      (effects (font (size 1 1) (thickness 0.15)))
    )
    (fp_text value PWM1 (at 1.75 5.56 270) (layer F.Fab)
      (effects (font (size 1 1) (thickness 0.15)))
    )
    (fp_text user %R (at 1.75 2.4 270) (layer F.Fab)
      (effects (font (size 1 1) (thickness 0.15)))
    )
    (fp_line (start 5.75 -3.6) (end -2.25 -3.6) (layer F.CrtYd) (width 0.05))
    (fp_line (start 5.75 5) (end 5.75 -3.6) (layer F.CrtYd) (width 0.05))
    (fp_line (start -2.25 5) (end 5.75 5) (layer F.CrtYd) (width 0.05))
    (fp_line (start -2.25 -3.6) (end -2.25 5) (layer F.CrtYd) (width 0.05))
    (fp_line (start -2.05 4.8) (end -1.65 4.8) (layer F.SilkS) (width 0.12))
    (fp_line (start -2.05 4.16) (end -2.05 4.8) (layer F.SilkS) (width 0.12))
    (fp_line (start 2.355 0.941) (end 2.226 1.069) (layer F.SilkS) (width 0.12))
    (fp_line (start 4.57 -1.275) (end 4.476 -1.181) (layer F.SilkS) (width 0.12))
    (fp_line (start 2.525 1.181) (end 2.431 1.274) (layer F.SilkS) (width 0.12))
    (fp_line (start 4.775 -1.069) (end 4.646 -0.941) (layer F.SilkS) (width 0.12))
    (fp_line (start 4.455 -1.138) (end 2.363 0.955) (layer F.Fab) (width 0.1))
    (fp_line (start 4.638 -0.955) (end 2.546 1.138) (layer F.Fab) (width 0.1))
    (fp_line (start 0.955 -1.138) (end -1.138 0.955) (layer F.Fab) (width 0.1))
    (fp_line (start 1.138 -0.955) (end -0.955 1.138) (layer F.Fab) (width 0.1))
    (fp_line (start 5.31 -3.16) (end 5.31 4.56) (layer F.SilkS) (width 0.12))
    (fp_line (start -1.81 -3.16) (end -1.81 4.56) (layer F.SilkS) (width 0.12))
    (fp_line (start -1.81 4.56) (end 5.31 4.56) (layer F.SilkS) (width 0.12))
    (fp_line (start -1.81 -3.16) (end 5.31 -3.16) (layer F.SilkS) (width 0.12))
    (fp_line (start -1.81 3) (end 5.31 3) (layer F.SilkS) (width 0.12))
    (fp_line (start -1.75 3) (end 5.25 3) (layer F.Fab) (width 0.1))
    (fp_line (start -1.81 4.1) (end 5.31 4.1) (layer F.SilkS) (width 0.12))
    (fp_line (start -1.75 4.1) (end 5.25 4.1) (layer F.Fab) (width 0.1))
    (fp_line (start -1.75 4.1) (end -1.75 -3.1) (layer F.Fab) (width 0.1))
    (fp_line (start -1.35 4.5) (end -1.75 4.1) (layer F.Fab) (width 0.1))
    (fp_line (start 5.25 4.5) (end -1.35 4.5) (layer F.Fab) (width 0.1))
    (fp_line (start 5.25 -3.1) (end 5.25 4.5) (layer F.Fab) (width 0.1))
    (fp_line (start -1.75 -3.1) (end 5.25 -3.1) (layer F.Fab) (width 0.1))
    (fp_circle (center 3.5 0) (end 5.18 0) (layer F.SilkS) (width 0.12))
    (fp_circle (center 3.5 0) (end 5 0) (layer F.Fab) (width 0.1))
    (fp_circle (center 0 0) (end 1.5 0) (layer F.Fab) (width 0.1))
    (fp_arc (start 0 0) (end -0.866 1.44) (angle -32) (layer F.SilkS) (width 0.12))
    (fp_arc (start 0 0) (end -1.44 -0.866) (angle -63) (layer F.SilkS) (width 0.12))
    (fp_arc (start 0 0) (end 0.866 -1.44) (angle -63) (layer F.SilkS) (width 0.12))
    (fp_arc (start 0 0) (end 1.425 0.891) (angle -64) (layer F.SilkS) (width 0.12))
    (fp_arc (start 0 0) (end 0 1.68) (angle -32) (layer F.SilkS) (width 0.12))
    (pad 2 thru_hole circle (at 3.5 0 270) (size 2.4 2.4) (drill 1.2) (layers *.Cu *.Mask)
      (net 5 /PWM1))
    (pad 1 thru_hole rect (at 0 0 270) (size 2.4 2.4) (drill 1.2) (layers *.Cu *.Mask)
      (net 6 /SWIM_PWM2))
    (model ${KISYS3DMOD}/TerminalBlock_Phoenix.3dshapes/TerminalBlock_Phoenix_PT-1,5-2-3.5-H_1x02_P3.50mm_Horizontal.wrl
      (at (xyz 0 0 0))
      (scale (xyz 1 1 1))
      (rotate (xyz 0 0 0))
    )
  )

  (module KiCad/kicad-footprints/Capacitor_SMD.pretty:C_1206_3216Metric (layer F.Cu) (tedit 5B301BBE) (tstamp 5FB4F6D1)
    (at 41.529 111.687 180)
    (descr "Capacitor SMD 1206 (3216 Metric), square (rectangular) end terminal, IPC_7351 nominal, (Body size source: http://www.tortai-tech.com/upload/download/2011102023233369053.pdf), generated with kicad-footprint-generator")
    (tags capacitor)
    (path /5FB3C81D)
    (attr smd)
    (fp_text reference C2 (at -3.471 -0.063 180) (layer F.SilkS)
      (effects (font (size 1 1) (thickness 0.15)))
    )
    (fp_text value 10u (at 0 1.82 180) (layer F.Fab)
      (effects (font (size 1 1) (thickness 0.15)))
    )
    (fp_text user %R (at 0 0 180) (layer F.Fab)
      (effects (font (size 0.8 0.8) (thickness 0.12)))
    )
    (fp_line (start 2.28 1.12) (end -2.28 1.12) (layer F.CrtYd) (width 0.05))
    (fp_line (start 2.28 -1.12) (end 2.28 1.12) (layer F.CrtYd) (width 0.05))
    (fp_line (start -2.28 -1.12) (end 2.28 -1.12) (layer F.CrtYd) (width 0.05))
    (fp_line (start -2.28 1.12) (end -2.28 -1.12) (layer F.CrtYd) (width 0.05))
    (fp_line (start -0.602064 0.91) (end 0.602064 0.91) (layer F.SilkS) (width 0.12))
    (fp_line (start -0.602064 -0.91) (end 0.602064 -0.91) (layer F.SilkS) (width 0.12))
    (fp_line (start 1.6 0.8) (end -1.6 0.8) (layer F.Fab) (width 0.1))
    (fp_line (start 1.6 -0.8) (end 1.6 0.8) (layer F.Fab) (width 0.1))
    (fp_line (start -1.6 -0.8) (end 1.6 -0.8) (layer F.Fab) (width 0.1))
    (fp_line (start -1.6 0.8) (end -1.6 -0.8) (layer F.Fab) (width 0.1))
    (pad 2 smd roundrect (at 1.4 0 180) (size 1.25 1.75) (layers F.Cu F.Paste F.Mask) (roundrect_rratio 0.2)
      (net 1 GND))
    (pad 1 smd roundrect (at -1.4 0 180) (size 1.25 1.75) (layers F.Cu F.Paste F.Mask) (roundrect_rratio 0.2)
      (net 3 +5V))
    (model ${KISYS3DMOD}/Capacitor_SMD.3dshapes/C_1206_3216Metric.wrl
      (at (xyz 0 0 0))
      (scale (xyz 1 1 1))
      (rotate (xyz 0 0 0))
    )
  )

  (module KiCad/kicad-footprints/Capacitor_SMD.pretty:C_1206_3216Metric (layer F.Cu) (tedit 5B301BBE) (tstamp 5FB4F6B2)
    (at 40.386 115.878 90)
    (descr "Capacitor SMD 1206 (3216 Metric), square (rectangular) end terminal, IPC_7351 nominal, (Body size source: http://www.tortai-tech.com/upload/download/2011102023233369053.pdf), generated with kicad-footprint-generator")
    (tags capacitor)
    (path /5FB3C824)
    (attr smd)
    (fp_text reference C1 (at -3.122 0.114 180) (layer F.SilkS)
      (effects (font (size 1 1) (thickness 0.15)))
    )
    (fp_text value 10u (at 0 1.82 90) (layer F.Fab)
      (effects (font (size 1 1) (thickness 0.15)))
    )
    (fp_line (start -1.6 0.8) (end -1.6 -0.8) (layer F.Fab) (width 0.1))
    (fp_line (start -1.6 -0.8) (end 1.6 -0.8) (layer F.Fab) (width 0.1))
    (fp_line (start 1.6 -0.8) (end 1.6 0.8) (layer F.Fab) (width 0.1))
    (fp_line (start 1.6 0.8) (end -1.6 0.8) (layer F.Fab) (width 0.1))
    (fp_line (start -0.602064 -0.91) (end 0.602064 -0.91) (layer F.SilkS) (width 0.12))
    (fp_line (start -0.602064 0.91) (end 0.602064 0.91) (layer F.SilkS) (width 0.12))
    (fp_line (start -2.28 1.12) (end -2.28 -1.12) (layer F.CrtYd) (width 0.05))
    (fp_line (start -2.28 -1.12) (end 2.28 -1.12) (layer F.CrtYd) (width 0.05))
    (fp_line (start 2.28 -1.12) (end 2.28 1.12) (layer F.CrtYd) (width 0.05))
    (fp_line (start 2.28 1.12) (end -2.28 1.12) (layer F.CrtYd) (width 0.05))
    (fp_text user %R (at 0 0 90) (layer F.Fab)
      (effects (font (size 0.8 0.8) (thickness 0.12)))
    )
    (pad 1 smd roundrect (at -1.4 0 90) (size 1.25 1.75) (layers F.Cu F.Paste F.Mask) (roundrect_rratio 0.2)
      (net 2 VCC))
    (pad 2 smd roundrect (at 1.4 0 90) (size 1.25 1.75) (layers F.Cu F.Paste F.Mask) (roundrect_rratio 0.2)
      (net 1 GND))
    (model ${KISYS3DMOD}/Capacitor_SMD.3dshapes/C_1206_3216Metric.wrl
      (at (xyz 0 0 0))
      (scale (xyz 1 1 1))
      (rotate (xyz 0 0 0))
    )
  )

  (module KiCad/kicad-footprints/Package_TO_SOT_SMD.pretty:SOT-89-3_Handsoldering (layer F.Cu) (tedit 5A02FF57) (tstamp 5FB4F69C)
    (at 45.466 115.751)
    (descr "SOT-89-3 Handsoldering")
    (tags "SOT-89-3 Handsoldering")
    (path /5FB410FB)
    (attr smd)
    (fp_text reference U1 (at 0.784 3.249) (layer F.SilkS)
      (effects (font (size 1 1) (thickness 0.15)))
    )
    (fp_text value L78L05_SOT89 (at 0.5 3.15) (layer F.Fab)
      (effects (font (size 1 1) (thickness 0.15)))
    )
    (fp_line (start -0.13 -2.3) (end 1.68 -2.3) (layer F.Fab) (width 0.1))
    (fp_line (start -0.92 2.3) (end -0.92 -1.51) (layer F.Fab) (width 0.1))
    (fp_line (start 1.68 2.3) (end -0.92 2.3) (layer F.Fab) (width 0.1))
    (fp_line (start 1.68 -2.3) (end 1.68 2.3) (layer F.Fab) (width 0.1))
    (fp_line (start -0.92 -1.51) (end -0.13 -2.3) (layer F.Fab) (width 0.1))
    (fp_line (start 1.78 -2.4) (end 1.78 -1.2) (layer F.SilkS) (width 0.12))
    (fp_line (start -2.22 -2.4) (end 1.78 -2.4) (layer F.SilkS) (width 0.12))
    (fp_line (start 1.78 2.4) (end -0.92 2.4) (layer F.SilkS) (width 0.12))
    (fp_line (start 1.78 1.2) (end 1.78 2.4) (layer F.SilkS) (width 0.12))
    (fp_line (start -3.5 -2.55) (end -3.5 2.55) (layer F.CrtYd) (width 0.05))
    (fp_line (start 4.25 -2.55) (end -3.5 -2.55) (layer F.CrtYd) (width 0.05))
    (fp_line (start 4.25 2.55) (end 4.25 -2.55) (layer F.CrtYd) (width 0.05))
    (fp_line (start -3.5 2.55) (end 4.25 2.55) (layer F.CrtYd) (width 0.05))
    (fp_text user %R (at 0.38 0 90) (layer F.Fab)
      (effects (font (size 0.6 0.6) (thickness 0.09)))
    )
    (pad 2 smd trapezoid (at -0.37 0 90) (size 1.5 0.75) (rect_delta 0 0.5 ) (layers F.Cu F.Paste F.Mask)
      (net 1 GND))
    (pad 2 smd rect (at 1.98 0 270) (size 2 4) (layers F.Cu F.Paste F.Mask)
      (net 1 GND))
    (pad 3 smd rect (at -1.98 1.5 270) (size 1 2.5) (layers F.Cu F.Paste F.Mask)
      (net 2 VCC))
    (pad 2 smd rect (at -1.98 0 270) (size 1 2.5) (layers F.Cu F.Paste F.Mask)
      (net 1 GND))
    (pad 1 smd rect (at -1.98 -1.5 270) (size 1 2.5) (layers F.Cu F.Paste F.Mask)
      (net 3 +5V))
    (model ${KISYS3DMOD}/Package_TO_SOT_SMD.3dshapes/SOT-89-3.wrl
      (at (xyz 0 0 0))
      (scale (xyz 1 1 1))
      (rotate (xyz 0 0 0))
    )
  )

  (module KiCad/kicad-footprints/TerminalBlock_Phoenix.pretty:TerminalBlock_Phoenix_PT-1,5-2-3.5-H_1x02_P3.50mm_Horizontal (layer F.Cu) (tedit 5B294F3F) (tstamp 5FB4F673)
    (at 33.909 108.385 90)
    (descr "Terminal Block Phoenix PT-1,5-2-3.5-H, 2 pins, pitch 3.5mm, size 7x7.6mm^2, drill diamater 1.2mm, pad diameter 2.4mm, see , script-generated using https://github.com/pointhi/kicad-footprint-generator/scripts/TerminalBlock_Phoenix")
    (tags "THT Terminal Block Phoenix PT-1,5-2-3.5-H pitch 3.5mm size 7x7.6mm^2 drill 1.2mm pad 2.4mm")
    (path /5FB48142)
    (fp_text reference J4 (at 4.885 5.591 90) (layer F.SilkS)
      (effects (font (size 1 1) (thickness 0.15)))
    )
    (fp_text value In2 (at 1.75 5.56 90) (layer F.Fab)
      (effects (font (size 1 1) (thickness 0.15)))
    )
    (fp_arc (start 0 0) (end 0 1.68) (angle -32) (layer F.SilkS) (width 0.12))
    (fp_arc (start 0 0) (end 1.425 0.891) (angle -64) (layer F.SilkS) (width 0.12))
    (fp_arc (start 0 0) (end 0.866 -1.44) (angle -63) (layer F.SilkS) (width 0.12))
    (fp_arc (start 0 0) (end -1.44 -0.866) (angle -63) (layer F.SilkS) (width 0.12))
    (fp_arc (start 0 0) (end -0.866 1.44) (angle -32) (layer F.SilkS) (width 0.12))
    (fp_circle (center 0 0) (end 1.5 0) (layer F.Fab) (width 0.1))
    (fp_circle (center 3.5 0) (end 5 0) (layer F.Fab) (width 0.1))
    (fp_circle (center 3.5 0) (end 5.18 0) (layer F.SilkS) (width 0.12))
    (fp_line (start -1.75 -3.1) (end 5.25 -3.1) (layer F.Fab) (width 0.1))
    (fp_line (start 5.25 -3.1) (end 5.25 4.5) (layer F.Fab) (width 0.1))
    (fp_line (start 5.25 4.5) (end -1.35 4.5) (layer F.Fab) (width 0.1))
    (fp_line (start -1.35 4.5) (end -1.75 4.1) (layer F.Fab) (width 0.1))
    (fp_line (start -1.75 4.1) (end -1.75 -3.1) (layer F.Fab) (width 0.1))
    (fp_line (start -1.75 4.1) (end 5.25 4.1) (layer F.Fab) (width 0.1))
    (fp_line (start -1.81 4.1) (end 5.31 4.1) (layer F.SilkS) (width 0.12))
    (fp_line (start -1.75 3) (end 5.25 3) (layer F.Fab) (width 0.1))
    (fp_line (start -1.81 3) (end 5.31 3) (layer F.SilkS) (width 0.12))
    (fp_line (start -1.81 -3.16) (end 5.31 -3.16) (layer F.SilkS) (width 0.12))
    (fp_line (start -1.81 4.56) (end 5.31 4.56) (layer F.SilkS) (width 0.12))
    (fp_line (start -1.81 -3.16) (end -1.81 4.56) (layer F.SilkS) (width 0.12))
    (fp_line (start 5.31 -3.16) (end 5.31 4.56) (layer F.SilkS) (width 0.12))
    (fp_line (start 1.138 -0.955) (end -0.955 1.138) (layer F.Fab) (width 0.1))
    (fp_line (start 0.955 -1.138) (end -1.138 0.955) (layer F.Fab) (width 0.1))
    (fp_line (start 4.638 -0.955) (end 2.546 1.138) (layer F.Fab) (width 0.1))
    (fp_line (start 4.455 -1.138) (end 2.363 0.955) (layer F.Fab) (width 0.1))
    (fp_line (start 4.775 -1.069) (end 4.646 -0.941) (layer F.SilkS) (width 0.12))
    (fp_line (start 2.525 1.181) (end 2.431 1.274) (layer F.SilkS) (width 0.12))
    (fp_line (start 4.57 -1.275) (end 4.476 -1.181) (layer F.SilkS) (width 0.12))
    (fp_line (start 2.355 0.941) (end 2.226 1.069) (layer F.SilkS) (width 0.12))
    (fp_line (start -2.05 4.16) (end -2.05 4.8) (layer F.SilkS) (width 0.12))
    (fp_line (start -2.05 4.8) (end -1.65 4.8) (layer F.SilkS) (width 0.12))
    (fp_line (start -2.25 -3.6) (end -2.25 5) (layer F.CrtYd) (width 0.05))
    (fp_line (start -2.25 5) (end 5.75 5) (layer F.CrtYd) (width 0.05))
    (fp_line (start 5.75 5) (end 5.75 -3.6) (layer F.CrtYd) (width 0.05))
    (fp_line (start 5.75 -3.6) (end -2.25 -3.6) (layer F.CrtYd) (width 0.05))
    (fp_text user %R (at 1.75 2.4 90) (layer F.Fab)
      (effects (font (size 1 1) (thickness 0.15)))
    )
    (pad 1 thru_hole rect (at 0 0 90) (size 2.4 2.4) (drill 1.2) (layers *.Cu *.Mask)
      (net 10 /A))
    (pad 2 thru_hole circle (at 3.5 0 90) (size 2.4 2.4) (drill 1.2) (layers *.Cu *.Mask)
      (net 1 GND))
    (model ${KISYS3DMOD}/TerminalBlock_Phoenix.3dshapes/TerminalBlock_Phoenix_PT-1,5-2-3.5-H_1x02_P3.50mm_Horizontal.wrl
      (at (xyz 0 0 0))
      (scale (xyz 1 1 1))
      (rotate (xyz 0 0 0))
    )
  )

  (module KiCad/kicad-footprints/Capacitor_SMD.pretty:C_0805_2012Metric (layer F.Cu) (tedit 5B36C52B) (tstamp 5FB4F663)
    (at 49.149 105.591 90)
    (descr "Capacitor SMD 0805 (2012 Metric), square (rectangular) end terminal, IPC_7351 nominal, (Body size source: https://docs.google.com/spreadsheets/d/1BsfQQcO9C6DZCsRaXUlFlo91Tg2WpOkGARC1WS5S8t0/edit?usp=sharing), generated with kicad-footprint-generator")
    (tags capacitor)
    (path /5FB3C77A)
    (attr smd)
    (fp_text reference C3 (at 2.591 -0.149 180) (layer F.SilkS)
      (effects (font (size 1 1) (thickness 0.15)))
    )
    (fp_text value 1u (at 0 1.65 90) (layer F.Fab)
      (effects (font (size 1 1) (thickness 0.15)))
    )
    (fp_text user %R (at 0 0 90) (layer F.Fab)
      (effects (font (size 0.5 0.5) (thickness 0.08)))
    )
    (fp_line (start 1.68 0.95) (end -1.68 0.95) (layer F.CrtYd) (width 0.05))
    (fp_line (start 1.68 -0.95) (end 1.68 0.95) (layer F.CrtYd) (width 0.05))
    (fp_line (start -1.68 -0.95) (end 1.68 -0.95) (layer F.CrtYd) (width 0.05))
    (fp_line (start -1.68 0.95) (end -1.68 -0.95) (layer F.CrtYd) (width 0.05))
    (fp_line (start -0.258578 0.71) (end 0.258578 0.71) (layer F.SilkS) (width 0.12))
    (fp_line (start -0.258578 -0.71) (end 0.258578 -0.71) (layer F.SilkS) (width 0.12))
    (fp_line (start 1 0.6) (end -1 0.6) (layer F.Fab) (width 0.1))
    (fp_line (start 1 -0.6) (end 1 0.6) (layer F.Fab) (width 0.1))
    (fp_line (start -1 -0.6) (end 1 -0.6) (layer F.Fab) (width 0.1))
    (fp_line (start -1 0.6) (end -1 -0.6) (layer F.Fab) (width 0.1))
    (pad 2 smd roundrect (at 0.9375 0 90) (size 0.975 1.4) (layers F.Cu F.Paste F.Mask) (roundrect_rratio 0.25)
      (net 1 GND))
    (pad 1 smd roundrect (at -0.9375 0 90) (size 0.975 1.4) (layers F.Cu F.Paste F.Mask) (roundrect_rratio 0.25)
      (net 4 "Net-(C3-Pad1)"))
    (model ${KISYS3DMOD}/Capacitor_SMD.3dshapes/C_0805_2012Metric.wrl
      (at (xyz 0 0 0))
      (scale (xyz 1 1 1))
      (rotate (xyz 0 0 0))
    )
  )

  (module KiCad/kicad-footprints/TerminalBlock_Phoenix.pretty:TerminalBlock_Phoenix_PT-1,5-2-3.5-H_1x02_P3.50mm_Horizontal (layer F.Cu) (tedit 5B294F3F) (tstamp 5FB4F28B)
